83751.2204954965
236006.976274596
55698.2350202947
1239.18602305164
3213.84224521424
1.68691927333652
0.374379732176607
3365.45714376791
12445.9722947003
4516.81848993383
60.6552869520567
669.160341446976
2.0050973510326
0.406942234604618
2283.4609215817
9790.05704829947
4020.8273556436
45.7454744112803
563.599354803224
2.45151589201656
0.500410706591114
1785.15325311147
8920.24484357792
3813.95222463373
39.7879111964018
511.811461453678
2.62073407900468
0.528245594557037
1479.74148592184
8275.78989583693
3690.02438922295
35.6226989997037
490.962999368467
2.75003204747465
0.550087693071131
1188.68830495983
7543.44034141642
3553.74171321348
31.1479432429323
477.889725618926
2.90116364302705
0.576343841896869
1007.81417252384
7006.04388303346
3450.15801546963
28.0398787644245
472.742080458547
3.01494892498262
0.596703459790764
841.823637968486
6435.39562559869
3334.3364084293
24.9022620462986
469.734558361946
3.13842499681051
0.619463993744601
725.502584394011
5976.9737178935
3236.33705459183
22.5029764116678
468.44266962106
3.23951812296945
0.638695497177537
632.580590047658
5566.02250987495
3144.54040557593
20.4436457893886
467.797788230696
3.33146716369347
0.656729112401047
550.166371423047
5159.96953857094
3050.03493903944
18.4933777318541
467.450795921104
3.42338281273258
0.675355902884806
483.946067793618
4798.98504999517
2962.68544400986
16.8295945776573
467.287802199517
3.50577825927209
0.692650448052588
430.21478305923
4478.68136461889
2882.37568366645
15.4079801791196
467.210959964245
3.57920128074226
0.708623029256128
385.563696603886
4190.45567875622
2807.67466647351
14.1722297250917
467.17420238173
3.64529082792498
0.723535972368825
348.637083808128
3934.56022570952
2739.25416454676
13.10922021908
467.15695983817
3.70375481296968
0.737230389987664
314.912953745958
3684.96331858231
2670.44417738999
12.1029145010334
467.148454017587
3.76033049310523
0.751019710745073
286.865525633577
3464.27131387555
2607.7423046862
11.2379423894669
467.14500045374
3.80972816516937
0.763580991294414
262.541330059332
3262.03643208939
2548.61492675637
10.4654607560838
467.143813805177
3.85422351506742
0.775403260063211
