72609.8620368019
206592.339238111
44636.5290603032
1075.80574094272
2514.30229862012
0.0517345820636688
0.0114800174740189
3822.33403119257
16727.8119339096
1237.96839374782
76.9535214829297
5.9798533085399
0.0236546844939075
0.00369447251612835
1596.14961731442
11658.9965630621
458.739702348941
44.9595673810191
3.99258968354994
0.033787816372998
0.00503559103321123
907.033743687505
7953.98897675972
344.82603492762
26.7996929100556
3.98086330584659
0.0484939948377636
0.00688089811845938
730.902294509471
6014.12802312346
297.143527217203
19.3558846543133
4.60541303421912
0.0626942609027102
0.0086206094391084
631.479374751645
4451.77097051523
251.162115653872
14.5349375293426
5.69989313989041
0.0829902913920577
0.011083696714603
580.059370553989
3643.53006978814
221.33773978128
12.4711429710863
6.65648057595781
0.101270045542296
0.013299220189725
531.348856037571
3023.50196624161
192.787865579707
11.0586706823269
7.74180347197338
0.124484342096658
0.0161245697694363
493.727887542748
2661.63550038733
171.945747873183
10.2612848298679
8.62998598546567
0.146517702295582
0.0188272459261706
460.438298376102
2415.22492932148
154.705108452176
9.68867855382918
9.41886317940114
0.169312839479093
0.0216509441264827
427.739895825367
2226.24050054907
138.902835905154
9.19363338115054
10.1784966543603
0.195159406760569
0.0248917059767991
398.764811266523
2091.75232083254
125.805662507186
8.78096713978337
10.8288436304757
0.221385415582324
0.0282268639824072
373.104385445342
1991.32623222145
114.88005182679
8.42089227195006
11.380895662932
0.247639584754854
0.0316165219763265
350.041654136299
1911.50525267422
105.570020641504
8.09406209530393
11.8541298072051
0.274033497096188
0.0350787543549806
329.582013857835
1846.15621351761
97.6926020521576
7.79768110926036
12.2533004355
0.299980166395255
0.0385383985732399
309.636065529463
1785.33886158874
90.3402414990595
7.50038426453782
12.6217740027554
0.327878141770839
0.0423232011941672
292.004553396297
1732.58690201268
84.0965984843852
7.2291143437219
12.929016554617
0.354953988567562
0.0460637084911334
275.848797403372
1684.14522584527
78.5762342124307
6.97246461581367
13.1941866447351
0.381997799237563
0.0498687309498155
