single point
           por                      0.3810900000000000    1.000000000000000    0.000000000000000
     por_v_min                      0.1107681995400000    1.000000000000000    0.000000000000000
      blahblah                      0.01499718550000000    1.000000000000000    0.000000000000000
       airdiff                      0.1000000000000000    1.000000000000000    0.000000000000000
         k_sat                      0.0001400000000000000    1.000000000000000    0.000000000000000
        brooks                      0.1628489800000000    1.000000000000000    0.000000000000000
         p_air                      8.099938099999999    1.000000000000000    0.000000000000000
    conc_s_top                      9.407363369415000    1.000000000000000    0.000000000000000
    conc_s_bot                      57.08771693766000    1.000000000000000    0.000000000000000
       ctot_wt                      8.100000000000000    1.000000000000000    0.000000000000000
     theta_min                      0.08167174363000000    1.000000000000000    0.000000000000000
    q_air_slab                      -20.95403115500000    1.000000000000000    0.000000000000000
    q_air_vims                      -2.084938434630000    1.000000000000000    0.000000000000000
    q_air_open                      1.000000000000000    1.000000000000000    0.000000000000000
         q_var                      1.000000000000000e-06    1.000000000000000    0.000000000000000
