single point
           por                      0.3802000000000000    1.000000000000000    0.000000000000000
     por_v_min                      0.1120999958400000    1.000000000000000    0.000000000000000
      blahblah                      0.01499729310000000    1.000000000000000    0.000000000000000
       airdiff                      0.1000000000000000    1.000000000000000    0.000000000000000
         k_sat                      0.0001400000000000000    1.000000000000000    0.000000000000000
        brooks                      0.2082428700000000    1.000000000000000    0.000000000000000
         p_air                      11.39598700000000    1.000000000000000    0.000000000000000
    conc_s_top                      10.70683902154000    1.000000000000000    0.000000000000000
    conc_s_bot                      29.39021091705000    1.000000000000000    0.000000000000000
       ctot_wt                      8.100000000000000    1.000000000000000    0.000000000000000
     theta_min                      0.09457939009000001    1.000000000000000    0.000000000000000
    q_air_slab                      -20.67187298300000    1.000000000000000    0.000000000000000
    q_air_vims                      -2.083871869450000    1.000000000000000    0.000000000000000
    q_air_open                      1.000000000000000    1.000000000000000    0.000000000000000
         q_var                      1.000000000000000e-06    1.000000000000000    0.000000000000000
