single point
           por                      0.3803300000000000    1.000000000000000    0.000000000000000
     por_v_min                      0.01100000000000000    1.000000000000000    0.000000000000000
      blahblah                      0.01499725750000000    1.000000000000000    0.000000000000000
       airdiff                      0.1000000000000000    1.000000000000000    0.000000000000000
         k_sat                      0.0001400000000000000    1.000000000000000    0.000000000000000
        brooks                      0.9177645200000000    1.000000000000000    0.000000000000000
         p_air                      12.00202200000000    1.000000000000000    0.000000000000000
    conc_s_top                      17.22640822415000    1.000000000000000    0.000000000000000
    conc_s_bot                      8.335305824854000    1.000000000000000    0.000000000000000
       ctot_wt                      8.100000000000000    1.000000000000000    0.000000000000000
     theta_min                      0.1347247744800000    1.000000000000000    0.000000000000000
    q_air_slab                      -6.973948915100000    1.000000000000000    0.000000000000000
    q_air_vims                      -2.082871781840000    1.000000000000000    0.000000000000000
    q_air_open                      1.000000000000000    1.000000000000000    0.000000000000000
         q_var                      1.000000000000000e-06    1.000000000000000    0.000000000000000
