single point
           por                      0.3760900000000000    1.000000000000000    0.000000000000000
     por_v_min                      0.001000000000000000    1.000000000000000    0.000000000000000
      blahblah                      0.01499780640000000    1.000000000000000    0.000000000000000
       airdiff                      0.1000000000000000    1.000000000000000    0.000000000000000
         k_sat                      0.0001400000000000000    1.000000000000000    0.000000000000000
        brooks                      1.064034270000000    1.000000000000000    0.000000000000000
         p_air                      12.00158600000000    1.000000000000000    0.000000000000000
    conc_s_top                      17.46231902948000    1.000000000000000    0.000000000000000
    conc_s_bot                      8.147257109688001    1.000000000000000    0.000000000000000
       ctot_wt                      8.100000000000000    1.000000000000000    0.000000000000000
     theta_min                      0.1346132577200000    1.000000000000000    0.000000000000000
    q_air_slab                      -6.977990353000000    1.000000000000000    0.000000000000000
    q_air_vims                      -2.081712650420000    1.000000000000000    0.000000000000000
    q_air_open                      1.000000000000000    1.000000000000000    0.000000000000000
         q_var                      1.000000000000000e-06    1.000000000000000    0.000000000000000
