single point
           por                      0.3759600000000000    1.000000000000000    0.000000000000000
     por_v_min                      0.05571184147000000    1.000000000000000    0.000000000000000
      blahblah                      0.01499935040000000    1.000000000000000    0.000000000000000
       airdiff                      0.1000000000000000    1.000000000000000    0.000000000000000
         k_sat                      0.0001400000000000000    1.000000000000000    0.000000000000000
        brooks                      1.131137480000000    1.000000000000000    0.000000000000000
         p_air                      12.00068100000000    1.000000000000000    0.000000000000000
    conc_s_top                      19.01518882500000    1.000000000000000    0.000000000000000
    conc_s_bot                      8.045965283734001    1.000000000000000    0.000000000000000
       ctot_wt                      8.100000000000000    1.000000000000000    0.000000000000000
     theta_min                      0.1261112793800000    1.000000000000000    0.000000000000000
    q_air_slab                      -6.991398277700000    1.000000000000000    0.000000000000000
    q_air_vims                      -2.026892309410000    1.000000000000000    0.000000000000000
    q_air_open                      1.000000000000000    1.000000000000000    0.000000000000000
         q_var                      1.000000000000000e-06    1.000000000000000    0.000000000000000
