single point
           por                      0.3803500000000000    1.000000000000000    0.000000000000000
     por_v_min                      0.01340624745000000    1.000000000000000    0.000000000000000
      blahblah                      0.01499725660000000    1.000000000000000    0.000000000000000
       airdiff                      0.1000000000000000    1.000000000000000    0.000000000000000
         k_sat                      0.0001400000000000000    1.000000000000000    0.000000000000000
        brooks                      0.8264089000000000    1.000000000000000    0.000000000000000
         p_air                      11.83076900000000    1.000000000000000    0.000000000000000
    conc_s_top                      16.40544161811000    1.000000000000000    0.000000000000000
    conc_s_bot                      10.34334216871000    1.000000000000000    0.000000000000000
       ctot_wt                      8.100000000000000    1.000000000000000    0.000000000000000
     theta_min                      0.1347612946300000    1.000000000000000    0.000000000000000
    q_air_slab                      -21.00000000000000    1.000000000000000    0.000000000000000
    q_air_vims                      -2.083037381910000    1.000000000000000    0.000000000000000
    q_air_open                      1.000000000000000    1.000000000000000    0.000000000000000
         q_var                      1.000000000000000e-06    1.000000000000000    0.000000000000000
