single point
           por                      0.3805300000000000    1.000000000000000    0.000000000000000
     por_v_min                      0.1114762481500000    1.000000000000000    0.000000000000000
      blahblah                      0.01499725800000000    1.000000000000000    0.000000000000000
       airdiff                      0.1000000000000000    1.000000000000000    0.000000000000000
         k_sat                      0.0001400000000000000    1.000000000000000    0.000000000000000
        brooks                      0.1908097100000000    1.000000000000000    0.000000000000000
         p_air                      10.52918700000000    1.000000000000000    0.000000000000000
    conc_s_top                      9.992236262697000    1.000000000000000    0.000000000000000
    conc_s_bot                      42.38396727933000    1.000000000000000    0.000000000000000
       ctot_wt                      8.100000000000000    1.000000000000000    0.000000000000000
     theta_min                      0.08697766342000000    1.000000000000000    0.000000000000000
    q_air_slab                      -21.00000000000000    1.000000000000000    0.000000000000000
    q_air_vims                      -2.084398094860000    1.000000000000000    0.000000000000000
    q_air_open                      1.000000000000000    1.000000000000000    0.000000000000000
         q_var                      1.000000000000000e-06    1.000000000000000    0.000000000000000
