single point
           por                      0.3810800000000000    1.000000000000000    0.000000000000000
     por_v_min                      0.1107712616200000    1.000000000000000    0.000000000000000
      blahblah                      0.01499718630000000    1.000000000000000    0.000000000000000
       airdiff                      0.1000000000000000    1.000000000000000    0.000000000000000
         k_sat                      0.0001400000000000000    1.000000000000000    0.000000000000000
        brooks                      0.1637260900000000    1.000000000000000    0.000000000000000
         p_air                      8.399752299999999    1.000000000000000    0.000000000000000
    conc_s_top                      9.411360128402000    1.000000000000000    0.000000000000000
    conc_s_bot                      57.05194899061000    1.000000000000000    0.000000000000000
       ctot_wt                      8.100000000000000    1.000000000000000    0.000000000000000
     theta_min                      0.08120543933000000    1.000000000000000    0.000000000000000
    q_air_slab                      -20.95446661200000    1.000000000000000    0.000000000000000
    q_air_vims                      -2.084934696710000    1.000000000000000    0.000000000000000
    q_air_open                      1.000000000000000    1.000000000000000    0.000000000000000
         q_var                      1.000000000000000e-06    1.000000000000000    0.000000000000000
