single point
           por                      0.3808800000000000    1.000000000000000    0.000000000000000
     por_v_min                      0.1110495372200000    1.000000000000000    0.000000000000000
      blahblah                      0.01499721290000000    1.000000000000000    0.000000000000000
       airdiff                      0.1000000000000000    1.000000000000000    0.000000000000000
         k_sat                      0.0001400000000000000    1.000000000000000    0.000000000000000
        brooks                      0.1761460500000000    1.000000000000000    0.000000000000000
         p_air                      9.483673300000000    1.000000000000000    0.000000000000000
    conc_s_top                      9.572443952544001    1.000000000000000    0.000000000000000
    conc_s_bot                      51.62841267780000    1.000000000000000    0.000000000000000
       ctot_wt                      8.100000000000000    1.000000000000000    0.000000000000000
     theta_min                      0.08245835097000000    1.000000000000000    0.000000000000000
    q_air_slab                      -20.64089945400000    1.000000000000000    0.000000000000000
    q_air_vims                      -2.084771093860000    1.000000000000000    0.000000000000000
    q_air_open                      1.000000000000000    1.000000000000000    0.000000000000000
         q_var                      1.000000000000000e-06    1.000000000000000    0.000000000000000
